249mASP: 01,05,14,20,22,28|6|3.8304
249mTRP: 01,05,14,20,22,28|6|1.7967
249mASN: 01,05,14,20,22,28|6|1.8981
242mTHR: 01,05,14,15,22,28|6|4.6108
242mGLU: 01,05,14,15,22,28|6|5.0732
249mILE: 01,05,14,20,22,28|6|2.2892
161mGLU: 01,05,14,20,22,28|6|1.0996
249mVAL: 01,05,14,20,22,28|6|2.4716
245mGLU: 01,05,14,20,22,28|6|4.8404
248mGLU: 01,05,14,20,22,28|6|4.8716
249mLEU: 01,05,14,20,22,28|6|2.6588
249mALA: 01,05,14,20,22,28|6|2.8369
245mSER: 01,05,14,20,22,28|6|2.2874
249mTHR: 01,05,14,20,22,28|6|3.3285
245mASN: 01,05,14,20,22,28|6|2.6391
245mGLY: 01,05,14,20,22,28|6|2.9129
249mPHE: 01,05,14,20,22,28|6|1.8859
245mTHR: 01,05,14,20,22,28|6|2.8686
249mGLY: 01,05,14,20,22,28|6|2.675
249mGLN: 01,05,14,20,22,28|6|2.8209
249mSER: 01,05,14,20,22,28|6|1.9762
249mGLU: 01,05,14,20,22,28|6|4.289
157mGLU: 01,05,20,22,28|5|4.3672
165mGLN: 05,14,15,22,28|5|3.0601
251mTRP: 01,05,20,22,28|5|2.3731
165mALA: 05,14,15,22,28|5|3.2727
251mGLN: 01,05,20,22,28|5|3.7
165mTRP: 05,14,15,22,28|5|2.413
157mGLN: 01,05,20,22,28|5|2.4868
251mSER: 01,05,20,22,28|5|4.0605
158mSER: 01,05,20,22,28|5|1.3662
164mGLU: 05,14,15,22,28|5|2.5162
165mMET: 05,14,15,22,28|5|2.5809
251mGLY: 01,05,20,22,28|5|4.8381
251mPRO: 01,05,20,22,28|5|1.6696
157mGLY: 01,05,20,22,28|5|2.728
165mCYS: 05,14,15,22,28|5|5.4708
251mTHR: 01,05,20,22,28|5|4.9423
164mCYS: 05,14,15,22,28|5|4.4051
165mASP: 05,14,15,22,28|5|3.3547
165mGLU: 05,14,15,22,28|5|4.7405
165mTHR: 05,14,15,22,28|5|3.9747
157mTHR: 01,05,20,22,28|5|3.3112
165mPRO: 05,14,15,22,28|5|2.3125
165mGLY: 05,14,15,22,28|5|2.6201
251mALA: 01,05,20,22,28|5|4.1516
165mLEU: 05,14,15,22,28|5|3.8263
251mVAL: 01,05,20,22,28|5|4.0835
251mCYS: 01,05,20,22,28|5|3.9589
165mILE: 05,14,15,22,28|5|3.1264
251mMET: 01,05,20,22,28|5|3.0493
157mSER: 01,05,20,22,28|5|2.3131
157mMET: 01,05,20,22,28|5|2.1458
157mASN: 01,05,20,22,28|5|2.1071
158mGLU: 01,05,20,22,28|5|2.6496
157mVAL: 01,05,20,22,28|5|2.9035
165mHIS: 05,14,15,22,28|5|1.1593
165mSER: 05,14,15,22,28|5|1.6982
158mGLY: 01,05,20,22,28|5|2.0144
251mHIS: 01,05,20,22,28|5|2.7993
251mGLU: 01,05,20,22,28|5|6.6997
251mLEU: 01,05,20,22,28|5|4.0343
251mASN: 01,05,20,22,28|5|3.761
251mASP: 01,05,20,22,28|5|4.4949
244mPHE: 01,14,15,22|4|1.1675
243mGLU: 05,14,15,22|4|1.8876
244mGLU: 01,14,15,22|4|2.1755
244mTHR: 01,14,15,22|4|1.4404
244mASP: 01,14,15,22|4|1.5912
244mCYS: 01,14,15,22|4|2.794
244mGLN: 01,14,15,22|4|1.0328
244mLEU: 01,14,15,22|4|1.6181
163mCYS: 05,14,22,28|4|1.4544
244mALA: 01,14,15,22|4|1.3463
201mTRP: 01,20|2|1.2472
201mASN: 01,20|2|1.3278
201mGLY: 01,20|2|1.3229
201mLEU: 01,20|2|1.4708
201mALA: 01,20|2|1.1976
205mVAL: 01,20|2|1.0308
201mVAL: 01,20|2|1.3911
201mASP: 01,20|2|1.1976
205mLEU: 01,20|2|1.55
201mCYS: 01,20|2|1.4435
205mGLY: 01,20|2|1.3416
201mSER: 01,20|2|1.1116
201mILE: 01,20|2|1.2922
205mALA: 01,20|2|1.7322
201mTHR: 01,20|2|1.8376
205mILE: 01,20|2|1.3772
205mCYS: 01,20|2|2.8152
201mPHE: 01,20|2|1.3126
201mGLN: 01,20|2|1.4326
201mGLU: 01,20|2|2.15
201mMET: 01,20|2|1.3453
