164mVAL: 01,05,08,09,17,21,29|7|3.2112
165mTHR: 01,05,08,09,17,21,29|7|3.6062
165mGLU: 01,05,08,09,17,21,29|7|3.9025
164mGLN: 01,05,08,09,17,21,29|7|2.5699
164mLEU: 01,05,08,09,17,21,29|7|3.3298
165mGLY: 01,05,08,09,17,21,29|7|2.9083
165mVAL: 01,05,08,09,17,21,29|7|2.8543
164mSER: 01,05,08,09,17,21,29|7|4.6129
164mTHR: 01,05,08,09,17,21,29|7|5.226
164mGLU: 01,05,08,09,17,21,29|7|6.0448
165mASN: 01,05,08,09,17,21,29|7|2.2607
165mHIS: 01,05,08,09,17,21,29|7|1.935
165mSER: 01,05,08,09,17,21,29|7|2.2423
167mASN: 01,08,09,17,21,29|6|1.7388
167mGLU: 01,08,09,17,21,29|6|2.6454
242mGLU: 01,05,08,09,17,29|6|1.9154
167mSER: 01,08,09,17,21,29|6|2.3333
167mGLY: 01,08,09,17,21,29|6|2.2091
167mVAL: 01,08,09,17,21,29|6|1.228
167mTHR: 01,08,09,17,21,29|6|2.1644
167mHIS: 01,08,09,17,21,29|6|2.422
190mGLU: 01,08,09,17,21,29|6|1.6461
194mGLY: 01,08,09,17,29|5|2.5442
194mTHR: 01,08,09,17,29|5|1.9996
217mLYS: 08,09,17,21,29|5|1.9758
194mMET: 01,08,09,17,29|5|2.5298
194mLEU: 01,08,09,17,29|5|1.5399
194mGLU: 01,08,09,17,29|5|2.0113
194mGLN: 01,08,09,17,29|5|1.4629
171mGLU: 08,17,21|3|1.0529
193mGLU: 08,09,29|3|1.298
193mGLY: 08,09,29|3|1.4581
193mSER: 08,09,29|3|1.0353
193mHIS: 08,09,29|3|1.3742
193mTHR: 08,09,29|3|1.3203
248mTHR: 05|1|1.0138
248mGLU: 05|1|1.4405
249mGLN: 05|1|1.0165
